====================
  starting miniapp
  - serial threading support
  - communication policy: serial
====================
simulation options:
  cells                : 1000
  compartments/segment : 100
  synapses/cell        : 500
  simulation time      : 100
  dt                   : 0.025
  all to all network   : no
  ring network         : no
  group size           : 1
  probe ratio          : 0
  probe soma only      : no
  trace prefix         : trace_
  trace max gid        : 


:: simulation to 100 ms in 4000 steps of 0.025 ms
solving matrix :
  l   [nan,-981.748,-981.748,-981.748,-981.748,-981.748,-981.748,-981.748,-981.748,-981.748,-981.748,-981.748,-981.748,-981.748,-981.748,-981.748,-981.748,-981.748,-981.748,-981.748,-981.748,-981.748,-981.748,-981.748,-981.748,-981.748,-981.748,-981.748,-981.748,-981.748,-981.748,-981.748,-981.748,-981.748,-981.748,-981.748,-981.748,-981.748,-981.748,-981.748,-981.748,-981.748,-981.748,-981.748,-981.748,-981.748,-981.748,-981.748,-981.748,-981.748,-981.748,-981.748,-981.748,-981.748,-981.748,-981.748,-981.748,-981.748,-981.748,-981.748,-981.748,-981.748,-981.748,-981.748,-981.748,-981.748,-981.748,-981.748,-981.748,-981.748,-981.748,-981.748,-981.748,-981.748,-981.748,-981.748,-981.748,-981.748,-981.748,-981.748,-981.748,-981.748,-981.748,-981.748,-981.748,-981.748,-981.748,-981.748,-981.748,-981.748,-981.748,-981.748,-981.748,-981.748,-981.748,-981.748,-981.748,-981.748,-981.748,-981.748,-981.748,-1953.69,-1934.15,-1914.71,-1895.37,-1876.13,-1856.99,-1837.94,-1818.99,-1800.14,-1781.39,-1762.74,-1744.19,-1725.73,-1707.37,-1689.11,-1670.95,-1652.88,-1634.92,-1617.05,-1599.28,-1581.61,-1564.03,-1546.56,-1529.18,-1511.9,-1494.72,-1477.64,-1460.66,-1443.77,-1426.98,-1410.29,-1393.7,-1377.21,-1360.81,-1344.52,-1328.32,-1312.22,-1296.21,-1280.31,-1264.5,-1248.8,-1233.19,-1217.67,-1202.26,-1186.95,-1171.73,-1156.61,-1141.59,-1126.67,-1111.84,-1097.12,-1082.49,-1067.96,-1053.53,-1039.19,-1024.96,-1010.82,-996.781,-982.84,-968.997,-955.253,-941.607,-928.058,-914.608,-901.257,-888.003,-874.848,-861.79,-848.831,-835.97,-823.208,-810.543,-797.977,-785.509,-773.139,-760.867,-748.693,-736.618,-724.64,-712.761,-700.98,-689.297,-677.713,-666.226,-654.838,-643.548,-632.356,-621.262,-610.267,-599.369,-588.57,-577.869,-567.266,-556.761,-546.355,-536.047,-525.836,-515.724,-505.711,-495.795,-1953.69,-1934.15,-1914.71,-1895.37,-1876.13,-1856.99,-1837.94,-1818.99,-1800.14,-1781.39,-1762.74,-1744.19,-1725.73,-1707.37,-1689.11,-1670.95,-1652.88,-1634.92,-1617.05,-1599.28,-1581.61,-1564.03,-1546.56,-1529.18,-1511.9,-1494.72,-1477.64,-1460.66,-1443.77,-1426.98,-1410.29,-1393.7,-1377.21,-1360.81,-1344.52,-1328.32,-1312.22,-1296.21,-1280.31,-1264.5,-1248.8,-1233.19,-1217.67,-1202.26,-1186.95,-1171.73,-1156.61,-1141.59,-1126.67,-1111.84,-1097.12,-1082.49,-1067.96,-1053.53,-1039.19,-1024.96,-1010.82,-996.781,-982.84,-968.997,-955.253,-941.607,-928.058,-914.608,-901.257,-888.003,-874.848,-861.79,-848.831,-835.97,-823.208,-810.543,-797.977,-785.509,-773.139,-760.867,-748.693,-736.618,-724.64,-712.761,-700.98,-689.297,-677.713,-666.226,-654.838,-643.548,-632.356,-621.262,-610.267,-599.369,-588.57,-577.869,-567.266,-556.761,-546.355,-536.047,-525.836,-515.724,-505.711,-495.795,]
  d   [1484.89,1969.78,1969.78,1969.78,1969.78,1969.78,1969.78,1969.78,1969.78,1969.78,1969.78,1969.78,1969.78,1969.78,1969.78,1969.78,1969.78,1969.78,1969.78,1969.78,1969.78,1969.78,1969.78,1969.78,1969.78,1969.78,1969.78,1969.78,1969.78,1969.78,1969.78,1969.78,1969.78,1969.78,1969.78,1969.78,1969.78,1969.78,1969.78,1969.78,1969.78,1969.78,1969.78,1969.78,1969.78,1969.78,1969.78,1969.78,1969.78,1969.78,1969.78,1969.78,1969.78,1969.78,1969.78,1969.78,1969.78,1969.78,1969.78,1969.78,1969.78,1969.78,1969.78,1969.78,1969.78,1969.78,1969.78,1969.78,1969.78,1969.78,1969.78,1969.78,1969.78,1969.78,1969.78,1969.78,1969.78,1969.78,1969.78,1969.78,1969.78,1969.78,1969.78,1969.78,1969.78,1969.78,1969.78,1969.78,1969.78,1969.78,1969.78,1969.78,1969.78,1969.78,1969.78,1969.78,1969.78,1969.78,1969.78,1969.78,4895.41,3890.97,3851.98,3813.18,3774.59,3736.18,3697.98,3659.97,3622.16,3584.54,3547.12,3509.89,3472.87,3436.04,3399.4,3362.96,3326.72,3290.67,3254.82,3219.17,3183.71,3148.45,3113.39,3078.52,3043.85,3009.38,2975.1,2941.01,2907.13,2873.44,2839.95,2806.65,2773.55,2740.64,2707.94,2675.42,2643.11,2610.99,2579.07,2547.34,2515.81,2484.48,2453.34,2422.4,2391.66,2361.11,2330.76,2300.6,2270.64,2240.88,2211.31,2181.94,2152.77,2123.79,2095.01,2066.43,2038.04,2009.85,1981.85,1954.05,1926.45,1899.04,1871.83,1844.82,1818,1791.38,1764.96,1738.73,1712.7,1686.86,1661.22,1635.78,1610.53,1585.48,1560.63,1535.97,1511.51,1487.24,1463.17,1439.3,1415.63,1392.15,1368.86,1345.78,1322.89,1300.19,1277.69,1255.39,1233.29,1211.38,1189.67,1168.15,1146.83,1125.71,1104.78,1084.05,1063.52,1043.18,1023.04,1003.09,496.582,3890.97,3851.98,3813.18,3774.59,3736.18,3697.98,3659.97,3622.16,3584.54,3547.12,3509.89,3472.87,3436.04,3399.4,3362.96,3326.72,3290.67,3254.82,3219.17,3183.71,3148.45,3113.39,3078.52,3043.85,3009.38,2975.1,2941.01,2907.13,2873.44,2839.95,2806.65,2773.55,2740.64,2707.94,2675.42,2643.11,2610.99,2579.07,2547.34,2515.81,2484.48,2453.34,2422.4,2391.66,2361.11,2330.76,2300.6,2270.64,2240.88,2211.31,2181.94,2152.77,2123.79,2095.01,2066.43,2038.04,2009.85,1981.85,1954.05,1926.45,1899.04,1871.83,1844.82,1818,1791.38,1764.96,1738.73,1712.7,1686.86,1661.22,1635.78,1610.53,1585.48,1560.63,1535.97,1511.51,1487.24,1463.17,1439.3,1415.63,1392.15,1368.86,1345.78,1322.89,1300.19,1277.69,1255.39,1233.29,1211.38,1189.67,1168.15,1146.83,1125.71,1104.78,1084.05,1063.52,1043.18,1023.04,1003.09,496.582,]
  u   [nan,-981.748,-981.748,-981.748,-981.748,-981.748,-981.748,-981.748,-981.748,-981.748,-981.748,-981.748,-981.748,-981.748,-981.748,-981.748,-981.748,-981.748,-981.748,-981.748,-981.748,-981.748,-981.748,-981.748,-981.748,-981.748,-981.748,-981.748,-981.748,-981.748,-981.748,-981.748,-981.748,-981.748,-981.748,-981.748,-981.748,-981.748,-981.748,-981.748,-981.748,-981.748,-981.748,-981.748,-981.748,-981.748,-981.748,-981.748,-981.748,-981.748,-981.748,-981.748,-981.748,-981.748,-981.748,-981.748,-981.748,-981.748,-981.748,-981.748,-981.748,-981.748,-981.748,-981.748,-981.748,-981.748,-981.748,-981.748,-981.748,-981.748,-981.748,-981.748,-981.748,-981.748,-981.748,-981.748,-981.748,-981.748,-981.748,-981.748,-981.748,-981.748,-981.748,-981.748,-981.748,-981.748,-981.748,-981.748,-981.748,-981.748,-981.748,-981.748,-981.748,-981.748,-981.748,-981.748,-981.748,-981.748,-981.748,-981.748,-981.748,-1953.69,-1934.15,-1914.71,-1895.37,-1876.13,-1856.99,-1837.94,-1818.99,-1800.14,-1781.39,-1762.74,-1744.19,-1725.73,-1707.37,-1689.11,-1670.95,-1652.88,-1634.92,-1617.05,-1599.28,-1581.61,-1564.03,-1546.56,-1529.18,-1511.9,-1494.72,-1477.64,-1460.66,-1443.77,-1426.98,-1410.29,-1393.7,-1377.21,-1360.81,-1344.52,-1328.32,-1312.22,-1296.21,-1280.31,-1264.5,-1248.8,-1233.19,-1217.67,-1202.26,-1186.95,-1171.73,-1156.61,-1141.59,-1126.67,-1111.84,-1097.12,-1082.49,-1067.96,-1053.53,-1039.19,-1024.96,-1010.82,-996.781,-982.84,-968.997,-955.253,-941.607,-928.058,-914.608,-901.257,-888.003,-874.848,-861.79,-848.831,-835.97,-823.208,-810.543,-797.977,-785.509,-773.139,-760.867,-748.693,-736.618,-724.64,-712.761,-700.98,-689.297,-677.713,-666.226,-654.838,-643.548,-632.356,-621.262,-610.267,-599.369,-588.57,-577.869,-567.266,-556.761,-546.355,-536.047,-525.836,-515.724,-505.711,-495.795,-1953.69,-1934.15,-1914.71,-1895.37,-1876.13,-1856.99,-1837.94,-1818.99,-1800.14,-1781.39,-1762.74,-1744.19,-1725.73,-1707.37,-1689.11,-1670.95,-1652.88,-1634.92,-1617.05,-1599.28,-1581.61,-1564.03,-1546.56,-1529.18,-1511.9,-1494.72,-1477.64,-1460.66,-1443.77,-1426.98,-1410.29,-1393.7,-1377.21,-1360.81,-1344.52,-1328.32,-1312.22,-1296.21,-1280.31,-1264.5,-1248.8,-1233.19,-1217.67,-1202.26,-1186.95,-1171.73,-1156.61,-1141.59,-1126.67,-1111.84,-1097.12,-1082.49,-1067.96,-1053.53,-1039.19,-1024.96,-1010.82,-996.781,-982.84,-968.997,-955.253,-941.607,-928.058,-914.608,-901.257,-888.003,-874.848,-861.79,-848.831,-835.97,-823.208,-810.543,-797.977,-785.509,-773.139,-760.867,-748.693,-736.618,-724.64,-712.761,-700.98,-689.297,-677.713,-666.226,-654.838,-643.548,-632.356,-621.262,-610.267,-599.369,-588.57,-577.869,-567.266,-556.761,-546.355,-536.047,-525.836,-515.724,-505.711,-495.795,]
  rhs [-32704,-408.407,-408.407,-408.407,-408.407,-408.407,-408.407,-408.407,-408.407,-408.407,-408.407,-408.407,-408.407,-408.407,-408.407,-408.407,-408.407,-408.407,-408.407,-408.407,-408.407,-408.407,-408.407,-408.407,-408.407,-408.407,-408.407,-408.407,-408.407,-408.407,-408.407,-408.407,-408.407,-408.407,-408.407,-408.407,-408.407,-408.407,-408.407,-408.407,-408.407,-408.407,-408.407,-408.407,-408.407,-408.407,-408.407,-408.407,-408.407,-408.407,-408.407,-408.407,-408.407,-408.407,-408.407,-408.407,-408.407,-408.407,-408.407,-408.407,-408.407,-408.407,-408.407,-408.407,-408.407,-408.407,-408.407,-408.407,-408.407,-408.407,-408.407,-408.407,-408.407,-408.407,-408.407,-408.407,-408.407,-408.407,-408.407,-408.407,-408.407,-408.407,-408.407,-408.407,-408.407,-408.407,-408.407,-408.407,-408.407,-408.407,-408.407,-408.407,-408.407,-408.407,-408.407,-408.407,-408.407,-408.407,-408.407,-408.407,-408.152,-203.183,-202.162,-201.141,-200.12,-199.099,-198.078,-197.057,-196.036,-195.015,-193.994,-192.973,-191.952,-190.931,-189.91,-188.889,-187.868,-186.847,-185.826,-184.805,-183.784,-182.763,-181.742,-180.721,-179.7,-178.679,-177.658,-176.637,-175.616,-174.595,-173.574,-172.553,-171.531,-170.51,-169.489,-168.468,-167.447,-166.426,-165.405,-164.384,-163.363,-162.342,-161.321,-160.3,-159.279,-158.258,-157.237,-156.216,-155.195,-154.174,-153.153,-152.132,-151.111,-150.09,-149.069,-148.048,-147.027,-146.006,-144.985,-143.964,-142.943,-141.922,-140.901,-139.88,-138.859,-137.838,-136.817,-135.796,-134.775,-133.754,-132.733,-131.712,-130.691,-129.67,-128.649,-127.628,-126.607,-125.586,-124.565,-123.544,-122.522,-121.501,-120.48,-119.459,-118.438,-117.417,-116.396,-115.375,-114.354,-113.333,-112.312,-111.291,-110.27,-109.249,-108.228,-107.207,-106.186,-105.165,-104.144,-103.123,-51.1787,-203.183,-202.162,-201.141,-200.12,-199.099,-198.078,-197.057,-196.036,-195.015,-193.994,-192.973,-191.952,-190.931,-189.91,-188.889,-187.868,-186.847,-185.826,-184.805,-183.784,-182.763,-181.742,-180.721,-179.7,-178.679,-177.658,-176.637,-175.616,-174.595,-173.574,-172.553,-171.531,-170.51,-169.489,-168.468,-167.447,-166.426,-165.405,-164.384,-163.363,-162.342,-161.321,-160.3,-159.279,-158.258,-157.237,-156.216,-155.195,-154.174,-153.153,-152.132,-151.111,-150.09,-149.069,-148.048,-147.027,-146.006,-144.985,-143.964,-142.943,-141.922,-140.901,-139.88,-138.859,-137.838,-136.817,-135.796,-134.775,-133.754,-132.733,-131.712,-130.691,-129.67,-128.649,-127.628,-126.607,-125.586,-124.565,-123.544,-122.522,-121.501,-120.48,-119.459,-118.438,-117.417,-116.396,-115.375,-114.354,-113.333,-112.312,-111.291,-110.27,-109.249,-108.228,-107.207,-106.186,-105.165,-104.144,-103.123,-51.1787,]
  v   [-64.9993,-64.9994,-64.9994,-64.9995,-64.9995,-64.9996,-64.9996,-64.9996,-64.9997,-64.9997,-64.9997,-64.9997,-64.9997,-64.9998,-64.9998,-64.9998,-64.9998,-64.9998,-64.9998,-64.9999,-64.9999,-64.9999,-64.9999,-64.9999,-64.9999,-64.9999,-64.9999,-64.9999,-64.9999,-64.9999,-64.9999,-64.9999,-64.9999,-65,-65,-65,-65,-65,-65,-65,-65,-65,-65,-65,-65,-65,-65,-65,-65,-65,-65,-65,-65,-65,-65,-65,-65,-65,-65,-65,-65,-65,-65,-65,-65,-65,-65,-65,-65,-65,-65,-65,-65,-65,-65,-65,-65,-65,-65,-65,-65,-65,-65,-65,-65,-65,-65,-65,-65,-65,-65,-65,-65,-65,-65,-65,-65,-65,-65,-65,-65,-65,-65,-65,-65,-65,-65,-65,-65,-65,-65,-65,-65,-65,-65,-65,-65,-65,-65,-65,-65,-65,-65,-65,-65,-65,-65,-65,-65,-65,-65,-65,-65,-65,-65,-65,-65,-65,-65,-65,-65,-65,-65,-65,-65,-65,-65,-65,-65,-65,-65,-65,-65,-65,-65,-65,-65,-65,-65,-65,-65,-65,-65,-65,-65,-65,-65,-65,-65,-65,-65,-65,-65,-65,-65,-65,-65,-65,-65,-65,-65,-65,-65,-65,-65,-65,-65,-65,-65,-65,-65,-65,-65,-65,-65,-65,-65,-65,-65,-65,-65,-65,-65,-65,-65,-65,-65,-65,-65,-65,-65,-65,-65,-65,-65,-65,-65,-65,-65,-65,-65,-65,-65,-65,-65,-65,-65,-65,-65,-65,-65,-65,-65,-65,-65,-65,-65,-65,-65,-65,-65,-65,-65,-65,-65,-65,-65,-65,-65,-65,-65,-65,-65,-65,-65,-65,-65,-65,-65,-65,-65,-65,-65,-65,-65,-65,-65,-65,-65,-65,-65,-65,-65,-65,-65,-65,-65,-65,-65,-65,-65,-65,-65,-65,-65,-65,-65,-65,-65,-65,-65,-65,-65,-65,-65,-65,-65,-65,-65,-65,-65,]
